loading source data for test...
txt/bb.train.txt
dataset size 28000

(5000, 100)
src word: ソフトバンク
[ 0.69813317  1.95103252  0.45336142 -0.94381493  0.77035284  0.26945367
 -1.27418482 -1.16991222  0.14608075 -1.11451197 -1.78607762  0.39268187
 -0.46796161  0.48483121 -1.43044531  0.76187772 -2.14579248 -0.74846232
 -0.6094321   0.48711094  0.294862   -0.45902571  0.71834785  1.08018219
 -1.1675843   0.5100897  -1.32003009  0.16618435 -0.27479938 -1.18449974
  1.04085517 -0.29302478 -0.0032563   0.7761535  -1.92704153 -0.65866977
 -1.1569519  -0.20785718 -0.22338568 -0.12623462 -0.93845451  0.74705708
 -0.57908624 -0.7748816   0.80834603  0.35443649 -0.59680343  1.28083336
  0.32527941  0.7479679  -0.23205633  1.66722536 -1.81182659 -1.06946528
  0.45656213  0.47353911 -0.29351345 -0.73737991  0.94122058 -0.11547353
 -0.57258493  1.94651043 -0.94953603 -0.57000047  0.23949148 -0.29591417
  0.35231465 -0.12536284 -0.33767393 -1.2049526   0.54164582 -0.95116568
  0.2247128   0.30352071 -1.35567641  1.28265738  0.19044474  0.72880459
 -0.30766115  0.81034255  0.53223825  1.37207448 -1.45492041  0.55051243
 -0.10171837  0.76822287 -0.60923296 -0.08214933  0.40458941  0.70475286
  0.21295911  0.12656324 -1.44863331 -0.98899406  0.56107408  1.39708436
  0.97672755  0.53685272  0.77715033 -0.17227741]
ソフトバンク 1.0
ヤクルト 0.446531325579
オリックス 0.408276855946
日本ハム 0.398957580328
楽天 0.390485465527
阪神 0.383620262146
巨人 0.381725937128
坂田 0.370192676783
ロッテ 0.369169950485
木村昇 0.367932409048
西武 0.362828999758
