loading source data for test...
txt/bb.train.txt
dataset size 28000

(5000, 100)
src word: ソフトバンク
[ 0.82503033 -1.14024246  0.21109112  0.35809526 -1.38693738  0.34989527
 -0.68378538 -0.70702028  0.1644529  -2.14220047  0.82841045  1.30269337
 -0.49880168  0.58387464 -0.66921061 -0.02331066 -0.07872118 -2.54837036
 -0.67109686 -0.85218805  0.79241818 -0.23455049  0.49726698 -0.38005623
 -1.94723666  0.74709463 -1.11153412 -0.80125946  0.9834621   1.77014625
  1.71054995 -0.68342078  0.95727599 -0.41498071  0.32191941 -0.73645496
 -0.50345683  0.102184    0.59399617 -0.26480266 -0.61534184  1.04688704
 -0.94730371 -0.16397978  0.46613747 -0.75399649 -0.46738541 -0.78896189
  0.11643954  1.03933549 -0.96844405 -0.34938449 -0.2303092   0.77382046
 -0.49793994  0.28661305  1.06053197 -0.0528887  -0.51864547 -0.4753212
  0.44840348  0.12419429 -2.18691278  1.02905738 -1.23391557 -0.92895204
  0.38869482  0.49844256 -0.58215475 -0.32431045 -0.74757874  1.58338451
  1.11441791 -0.08288768  0.54923779  0.53185123  0.90200371  0.57160562
 -0.01905993  1.00647426  0.50558192 -1.68944573 -1.36096931 -0.90526146
 -0.66536868 -0.04126991  0.6108188  -0.14017667  1.36385381  1.90909946
  1.53206754 -0.87527293 -0.61125165 -0.85191619 -0.22123608 -1.30448294
 -1.25764525  0.46139967  2.74120927 -0.90001655]
ソフトバンク 1.0
ピッチャー 0.403585940599
135 0.33964830637
選ば 0.332364886999
史上 0.301091641188
矢野 0.290314912796
中村 0.28980705142
小島 0.288108617067
獲得 0.287398844957
コボスタ宮城 0.278692722321
塗り替える 0.27542001009
