loading source data for test...
txt/bb.train.txt
dataset size 28000

(5000, 100)
src word: ソフトバンク
[  1.23039079e+00   4.42548335e-01   3.24743462e+00   1.98572889e-01
  -1.79148400e+00  -6.13550127e-01   1.02740741e+00  -3.83988500e-01
  -1.68505764e+00  -7.54945755e-01  -2.86283672e-01  -5.20608723e-02
  -7.80824244e-01   5.83640993e-01   1.21037033e-03  -2.03415871e+00
  -5.76054990e-01   1.68696201e+00   7.73333311e-01   9.88259077e-01
  -6.20174408e-01  -3.73520553e-01   1.62404096e+00   3.55677307e-01
  -7.23742787e-03  -1.31359339e+00   1.47019815e+00  -1.01256683e-01
   3.76969218e-01   1.63793898e+00   5.40880077e-02   5.28374791e-01
   4.60066140e-01  -6.10085428e-01   7.90004373e-01  -1.08049378e-01
  -5.23960710e-01   7.06030309e-01  -1.04557610e+00   6.84512198e-01
   1.60948920e+00  -4.43645686e-01  -1.38202596e+00   4.44999009e-01
  -5.86199880e-01   4.17389899e-01  -1.04474437e+00   1.56076276e+00
   1.55550790e+00  -1.47619820e+00   6.42426133e-01  -1.47138059e+00
   9.72982705e-01  -2.16577959e+00   1.13178277e+00   4.95213240e-01
  -1.30028629e+00   4.28184867e-01   5.11660635e-01   4.11027998e-01
   7.12386847e-01   7.29192197e-01  -1.47081390e-01  -8.00143480e-01
   6.09084703e-02  -1.57077527e+00   8.49036872e-01   1.05703890e+00
   4.90504578e-02   7.06369638e-01   6.47668898e-01   5.90428233e-01
   1.95196879e+00  -2.60823917e+00  -1.70490396e+00   4.45618272e-01
   9.56143379e-01   8.27550948e-01  -2.55076975e-01   1.38405418e+00
   1.42630112e+00   9.74197865e-01  -6.24609828e-01   2.31614161e+00
   7.07990050e-01   1.40251970e+00   1.39738655e+00   6.58456087e-02
  -1.18082082e+00   1.12406003e+00   1.52063656e+00   1.16668379e+00
  -6.59135401e-01  -1.01009881e+00  -6.30993247e-01  -2.60823071e-01
   4.80967760e-01  -2.50027031e-01   4.33790356e-01  -1.42579675e+00]
ソフトバンク 1.00000011921
8月18日 0.354187935591
中日 0.345714539289
拡げ 0.344255000353
岩本 0.336275279522
西武 0.328655779362
木塚 0.327344655991
福岡ヤフードーム 0.326768279076
6月14日 0.32501283288
巽 0.316980808973
打つ 0.316197544336
