loading source data for test...
txt/bb.train.txt
dataset size 28000

(5000, 100)
src word: ソフトバンク
[-0.81854939 -0.40163976  0.08471317 -2.42344213  0.17764504  1.85349536
  0.97968662  0.54140031 -1.84050429 -0.72731155  0.48854199 -1.18646324
 -0.63577354 -0.62183642 -0.18944538  0.0691302  -0.62595361 -1.31371021
  0.10427794 -0.54021424 -0.66996968 -0.04752453  1.18990397 -1.05422938
 -0.97217155 -1.15658534  0.61607492 -1.3964746   2.17309785  1.17801869
  0.32040733  0.02167052  1.11663008 -1.56088257 -0.06987491  1.09814882
  0.28599393  0.89193791  0.10946144 -0.8175177   0.01327308 -0.3497932
 -0.1261571   1.5537107  -1.66929233 -0.281326    0.49367341  1.14983296
  0.53311962  0.50457805 -0.53417242 -1.4122622   1.5079143   0.73838127
 -1.31501508 -0.60965514 -0.03659445  0.70660359 -0.25075707 -0.995597
 -0.98379982  1.26649106 -1.41278899  0.68897486  0.4353359  -0.29955345
  0.59441119  1.81378388 -0.42778042  0.80224085  0.74526888  2.67956042
  1.06322396  1.19795811 -0.6729852   0.34115097 -0.04365129  0.72537798
  0.88482296 -0.23154993 -0.45222577  0.44888321 -0.54703343  0.48362634
  0.10882826 -0.97994399  1.77178359 -0.276366   -1.41589117 -0.63773656
 -2.40273213  0.40959564  1.19585526  0.50625092 -0.15470015 -0.61704761
 -0.23218898 -1.74449778  1.84744024  0.05083697]
ソフトバンク 0.999999940395
攻防 0.378887236118
5月29日 0.373142719269
QVCマリンフィールド 0.371405214071
阪神 0.360253691673
7月7日 0.351443976164
下水流 0.338151037693
小田 0.334778130054
巨人 0.334610521793
に対して 0.315941601992
5月22日 0.308402121067
